[setup]
boxlength = 1000.0
zstart = 24.0
levelmin = 7
levelmin_TF = 9
levelmax = 15
padding = 0
ref_center = 0.126231, 0.304495, 0.477903
ref_extent = 0.021504, 0.021497, 0.026738
align_top = no
baryons = no
use_2LPT = yes

[cosmology]
Omega_m = 0.3099
Omega_b = 0.0489
Omega_L = 0.6901
H0 = 67.742
n_s = 0.9682
sigma_8 = 0.81
transfer = CLASS

[random]
seed[10] = 1083260328
seed[9] = 424242
seed[11] = 2100403128
seed[12] = 486693444
seed[13] = 682508698
seed[14] = 1508920988
seed[15] = 1125013668

[execution]
numthreads = 8

[output]
format = swift
filename = /cosma7/data/dp004/dc-love2/codes/pmwd_zoom_selection/tessera/zoom_ICS_0000.hdf5

